2 0.70390625 0.56953125 0.03671875 0.01953125
2 0.646875 0.56875 0.0171875 0.01484375
2 0.68359375 0.5453125 0.02421875 0.0109375
2 0.73984375 0.559375 0.028125 0.0109375
2 0.72109375 0.54375 0.025 0.0109375
2 0.4828125 0.6015625 0.0671875 0.02109375
2 0.41015625 0.603125 0.03984375 0.0265625
2 0.43984375 0.553125 0.02421875 0.015625
2 0.49609375 0.52734375 0.028125 0.00859375
2 0.4359375 0.52734375 0.05234375 0.021875
2 0.5953125 0.51640625 0.02265625 0.0140625
2 0.80546875 0.59296875 0.06796875 0.0390625