2 0.62578125 0.59375 0.04609375 0.03515625
2 0.5703125 0.56796875 0.04609375 0.0234375
2 0.4234375 0.58515625 0.02890625 0.01015625
2 0.403125 0.61015625 0.04453125 0.01796875
2 0.678125 0.5890625 0.02734375 0.01796875
2 0.73984375 0.59296875 0.03984375 0.0421875
2 0.69765625 0.55 0.0234375 0.01953125
2 0.66328125 0.5234375 0.04296875 0.0234375
2 0.60625 0.50390625 0.04375 0.01953125
2 0.5609375 0.5046875 0.03671875 0.01953125
2 0.5640625 0.48203125 0.0171875 0.015625
2 0.46875 0.50234375 0.02109375 0.0140625
2 0.4859375 0.48984375 0.01796875 0.00859375
2 0.4875 0.47421875 0.01015625 0.00859375