2 0.56015625 0.5859375 0.06328125 0.04453125
2 0.58828125 0.56796875 0.02109375 0.0125
2 0.6625 0.6015625 0.0453125 0.03515625
2 0.65 0.5734375 0.0203125 0.00859375
2 0.6921875 0.5796875 0.02890625 0.0125
2 0.71015625 0.59921875 0.02890625 0.01796875
2 0.63828125 0.52265625 0.0203125 0.0125
2 0.61015625 0.49453125 0.0203125 0.01484375
2 0.60078125 0.5171875 0.01875 0.015625
2 0.309375 0.60546875 0.08359375 0.04453125
2 0.36875 0.54765625 0.03359375 0.01796875
2 0.40625 0.51015625 0.02265625 0.01484375
2 0.7578125 0.59609375 0.02265625 0.0265625
2 0.78828125 0.57734375 0.025 0.01953125
2 0.65859375 0.54296875 0.01171875 0.01015625
2 0.63203125 0.48515625 0.01796875 0.00703125