2 0.54296875 0.51875 0.0296875 0.01953125
2 0.55 0.55625 0.028125 0.02265625
2 0.60859375 0.52265625 0.0296875 0.028125
2 0.70703125 0.5578125 0.11640625 0.0953125
2 0.65703125 0.59140625 0.0265625 0.02265625
2 0.59140625 0.5875 0.01796875 0.01640625
2 0.5625 0.6015625 0.04453125 0.028125
2 0.36640625 0.5734375 0.07265625 0.03359375
2 0.38671875 0.5296875 0.05078125 0.025
2 0.41328125 0.5046875 0.0296875 0.01953125
2 0.6109375 0.4671875 0.0140625 0.0109375
2 0.63828125 0.5234375 0.01640625 0.01015625