2 0.5546875 0.5609375 0.0921875 0.04140625
2 0.63203125 0.56875 0.034375 0.025
2 0.7 0.58125 0.0390625 0.03203125
2 0.66640625 0.59765625 0.02265625 0.0203125
2 0.5359375 0.6046875 0.0375 0.02109375
2 0.59765625 0.5234375 0.03828125 0.03046875
2 0.5546875 0.509375 0.03125 0.0109375
2 0.53203125 0.528125 0.03515625 0.0234375
2 0.53203125 0.50234375 0.025 0.01640625
2 0.52421875 0.47890625 0.01171875 0.01015625
2 0.40546875 0.5140625 0.0390625 0.0125
2 0.35703125 0.55625 0.0375 0.01015625
2 0.43984375 0.4796875 0.01328125 0.0109375
0 0.31015625 0.596875 0.04140625 0.0359375