2 0.56328125 0.60078125 0.02890625 0.01640625
2 0.5640625 0.57890625 0.021875 0.0109375
2 0.60390625 0.6 0.0203125 0.01484375
2 0.6265625 0.59453125 0.01328125 0.0109375
2 0.63125 0.55703125 0.03046875 0.02421875
2 0.67265625 0.53671875 0.0265625 0.015625
2 0.75234375 0.6 0.0453125 0.03046875
2 0.63359375 0.5265625 0.02578125 0.00703125
2 0.55078125 0.52421875 0.0203125 0.0109375
2 0.5421875 0.5046875 0.03203125 0.01796875
2 0.5875 0.47578125 0.0125 0.0109375
2 0.38359375 0.54921875 0.02578125 0.01484375