2 0.7109375 0.59296875 0.04453125 0.02734375
2 0.65390625 0.58984375 0.03203125 0.01953125
2 0.66015625 0.55 0.0578125 0.0265625
2 0.578125 0.57265625 0.0375 0.01796875
2 0.5703125 0.53671875 0.0421875 0.0234375
2 0.6375 0.50390625 0.028125 0.01640625
2 0.7859375 0.54765625 0.03359375 0.0265625
2 0.8515625 0.61171875 0.04921875 0.040625
2 0.37265625 0.6125 0.04140625 0.025
2 0.35546875 0.56484375 0.0640625 0.0390625
2 0.634375 0.48046875 0.02890625 0.0125
2 0.5453125 0.48671875 0.02890625 0.01640625