2 0.45078125 0.7375 0.078125 0.1046875
1 0.51328125 0.8875 0.046875 0.171875
2 0.515625 0.86328125 0.0265625 0.034375
1 0.42265625 0.51875 0.05234375 0.1390625
2 0.42109375 0.415625 0.04921875 0.028125
2 0.234375 0.790625 0.06796875 0.05859375
0 0.86953125 0.3875 0.2359375 0.14765625
1 0.6515625 0.70078125 0.08671875 0.03671875
2 0.72578125 0.6953125 0.0578125 0.03671875
0 0.55703125 0.7125 0.08828125 0.06640625
0 0.415625 0.64609375 0.04453125 0.0546875
1 0.33671875 0.65234375 0.0328125 0.13671875
2 0.14296875 0.81328125 0.03671875 0.03203125
2 0.24765625 0.4671875 0.0765625 0.078125