2 0.6484375 0.53125 0.0359375 0.025
2 0.2921875 0.5078125 0.0609375 0.05859375
2 0.35078125 0.5765625 0.01796875 0.03359375
2 0.54765625 0.55703125 0.03125 0.03046875
2 0.496875 0.5953125 0.01875 0.0296875
2 0.765625 0.565625 0.10390625 0.0359375
2 0.57890625 0.61796875 0.10234375 0.03984375
2 0.52265625 0.321875 0.025 0.01640625
2 0.828125 0.45859375 0.03828125 0.0265625
1 0.3265625 0.8828125 0.21171875 0.1296875
1 0.321875 0.3375 0.08671875 0.02421875
2 0.4328125 0.59453125 0.06171875 0.02578125
1 0.41015625 0.3921875 0.1703125 0.084375
0 0.896875 0.5640625 0.12265625 0.078125