2 0.35390625 0.1921875 0.096875 0.0625
2 0.15390625 0.315625 0.06640625 0.05859375
2 0.73359375 0.50625 0.1171875 0.0640625
2 0.671875 0.70078125 0.05 0.04296875
2 0.3859375 0.475 0.05234375 0.0515625
2 0.3359375 0.37734375 0.0453125 0.0515625
2 0.65390625 0.4640625 0.03828125 0.01953125
2 0.51015625 0.54609375 0.06484375 0.04296875
2 0.1703125 0.23125 0.04140625 0.034375
2 0.19609375 0.17109375 0.028125 0.03203125
1 0.80546875 0.29453125 0.15859375 0.0890625
1 0.2609375 0.365625 0.07734375 0.0359375