2 0.30625 0.61640625 0.1015625 0.1203125
2 0.13046875 0.48515625 0.16796875 0.11953125
2 0.2015625 0.4453125 0.03515625 0.021875
2 0.7046875 0.36953125 0.0390625 0.03359375
1 0.58203125 0.35 0.16640625 0.10078125
1 0.69296875 0.2484375 0.06796875 0.06640625
2 0.24921875 0.41796875 0.0546875 0.08125
1 0.87890625 0.3453125 0.1640625 0.06796875
2 0.84140625 0.4578125 0.08203125 0.0859375
1 0.60546875 0.2734375 0.07578125 0.046875
2 0.64609375 0.2765625 0.03671875 0.02421875
2 0.44609375 0.74296875 0.0484375 0.08359375