2 0.3609375 0.425 0.11171875 0.0375
2 0.525 0.49453125 0.03984375 0.0375
2 0.45546875 0.53515625 0.0859375 0.075
2 0.359375 0.6109375 0.11953125 0.09296875
2 0.78828125 0.4421875 0.0484375 0.0390625
2 0.8390625 0.2078125 0.0609375 0.025
2 0.78671875 0.21875 0.0578125 0.0375
1 0.515625 0.74140625 0.08359375 0.15078125
2 0.39921875 0.81328125 0.059375 0.07421875
1 0.31171875 0.9109375 0.10625 0.09609375
2 0.221875 0.396875 0.0390625 0.01796875
2 0.925 0.21484375 0.0328125 0.01640625
1 0.67421875 0.47265625 0.12890625 0.04140625
1 0.83046875 0.49140625 0.0640625 0.04921875
2 0.59296875 0.49296875 0.02890625 0.015625