2 0.73984375 0.52265625 0.05703125 0.06640625
2 0.6578125 0.621875 0.13984375 0.153125
2 0.75625 0.38671875 0.02265625 0.02421875
2 0.76953125 0.4375 0.01640625 0.0390625
2 0.38515625 0.76796875 0.16484375 0.0859375
2 0.59921875 0.8484375 0.09609375 0.08203125
1 0.83046875 0.5921875 0.084375 0.07265625
1 0.6796875 0.34921875 0.084375 0.0453125
1 0.7125 0.27109375 0.11640625 0.04140625
1 0.1046875 0.740625 0.15859375 0.07578125
1 0.11875 0.909375 0.11640625 0.1046875
1 0.26953125 0.834375 0.05625 0.10078125