2 0.8375 0.35 0.0546875 0.04453125
2 0.31953125 0.71015625 0.14140625 0.1515625
2 0.21640625 0.83671875 0.03671875 0.04140625
2 0.059375 0.834375 0.04453125 0.05390625
2 0.09375 0.9015625 0.0546875 0.0421875
2 0.0859375 0.7359375 0.04765625 0.0640625
2 0.5203125 0.615625 0.071875 0.06015625
2 0.59140625 0.575 0.08203125 0.06015625
2 0.64296875 0.47109375 0.0265625 0.028125
2 0.6984375 0.48828125 0.06015625 0.03515625
2 0.75078125 0.51640625 0.0265625 0.0125
2 0.70546875 0.54609375 0.04296875 0.03515625
2 0.43984375 0.56953125 0.02265625 0.01796875
2 0.440625 0.6203125 0.03671875 0.028125
2 0.34296875 0.65 0.065625 0.0359375
2 0.41640625 0.55546875 0.0203125 0.02890625
2 0.77109375 0.3390625 0.01484375 0.0109375
2 0.84375 0.45078125 0.0296875 0.021875