2 0.096875 0.77890625 0.07265625 0.07578125
2 0.47421875 0.575 0.05078125 0.034375
2 0.11171875 0.7125 0.0546875 0.0453125
2 0.5515625 0.5515625 0.0859375 0.05703125
2 0.3109375 0.759375 0.03515625 0.01953125
2 0.35390625 0.5671875 0.0390625 0.01953125
1 0.4328125 0.51796875 0.0890625 0.06015625
2 0.8390625 0.40625 0.04375 0.0140625
2 0.74453125 0.45625 0.04296875 0.02109375
2 0.2015625 0.7375 0.0796875 0.0359375
2 0.67578125 0.465625 0.05078125 0.04375
2 0.8578125 0.35078125 0.025 0.028125
2 0.77421875 0.41640625 0.02109375 0.01328125
2 0.74609375 0.428125 0.0234375 0.01953125
1 0.06953125 0.7359375 0.11796875 0.06015625