2 0.2921875 0.4125 0.0765625 0.04921875
2 0.24765625 0.7828125 0.053125 0.14609375
2 0.35859375 0.8671875 0.15 0.103125
2 0.528125 0.79609375 0.22421875 0.14140625
2 0.5640625 0.76796875 0.1375 0.096875
2 0.69609375 0.71953125 0.08984375 0.0890625
2 0.51328125 0.95390625 0.06640625 0.07109375
2 0.7203125 0.28125 0.1296875 0.0125
2 0.58046875 0.39609375 0.0328125 0.0140625
2 0.46484375 0.3625 0.0296875 0.0140625
2 0.325 0.59140625 0.1140625 0.04921875
1 0.11171875 0.6296875 0.15078125 0.065625
1 0.471875 0.5765625 0.128125 0.06796875
2 0.2453125 0.60859375 0.0875 0.06015625
2 0.23125 0.41796875 0.0421875 0.02109375
2 0.815625 0.28125 0.02734375 0.015625