2 0.32734375 0.671875 0.0734375 0.075
2 0.2453125 0.6890625 0.06796875 0.040625
2 0.18359375 0.665625 0.08046875 0.0453125
2 0.2140625 0.68359375 0.12890625 0.07421875
2 0.3546875 0.50546875 0.07109375 0.0296875
2 0.54765625 0.4375 0.040625 0.028125
2 0.64140625 0.47109375 0.03125 0.04140625
2 0.72734375 0.440625 0.19921875 0.075
2 0.84609375 0.46171875 0.0578125 0.025
2 0.440625 0.48828125 0.03984375 0.0359375
2 0.5640625 0.59296875 0.02265625 0.01796875
2 0.59296875 0.46171875 0.04921875 0.053125
2 0.3828125 0.565625 0.04140625 0.01953125
2 0.93828125 0.47578125 0.053125 0.0265625
2 0.94296875 0.4484375 0.07265625 0.03203125
2 0.3859375 0.69296875 0.07734375 0.0421875