2 0.18046875 0.48828125 0.07890625 0.06171875
2 0.090625 0.5234375 0.05390625 0.025
2 0.11640625 0.56171875 0.02578125 0.025
2 0.19921875 0.525 0.12109375 0.06796875
2 0.29296875 0.4171875 0.0453125 0.040625
2 0.4546875 0.340625 0.0453125 0.04453125
2 0.58984375 0.35 0.09140625 0.06640625
2 0.55078125 0.39921875 0.0703125 0.04453125
2 0.38359375 0.46328125 0.18046875 0.11796875
2 0.396875 0.52890625 0.03515625 0.025
1 0.39296875 0.87421875 0.1546875 0.1859375
1 0.59453125 0.51015625 0.13515625 0.078125