2 0.49765625 0.6859375 0.05390625 0.075
2 0.4453125 0.78984375 0.078125 0.0625
2 0.71796875 0.47734375 0.05546875 0.02578125
2 0.77265625 0.55703125 0.02265625 0.0515625
2 0.734375 0.60390625 0.025 0.0296875
2 0.6203125 0.4609375 0.0515625 0.02421875
2 0.553125 0.621875 0.05390625 0.0609375
2 0.50390625 0.93828125 0.02734375 0.04609375
2 0.659375 0.87265625 0.03359375 0.0640625
2 0.671875 0.38046875 0.0234375 0.0359375
2 0.71171875 0.340625 0.04765625 0.025
2 0.81796875 0.4375 0.0296875 0.03203125
2 0.784375 0.41796875 0.0265625 0.015625
2 0.68828125 0.66796875 0.03828125 0.03203125
2 0.16171875 0.78125 0.0515625 0.04921875
2 0.31953125 0.69453125 0.0609375 0.04609375
2 0.62734375 0.565625 0.04921875 0.03046875
2 0.65546875 0.684375 0.01484375 0.03671875
1 0.728125 0.9046875 0.078125 0.04296875
1 0.79609375 0.3640625 0.07578125 0.028125
1 0.43671875 0.54609375 0.096875 0.0859375
2 0.36875 0.6140625 0.0234375 0.03203125
2 0.3515625 0.41328125 0.0671875 0.040625
2 0.2625 0.415625 0.02578125 0.025