0 0.6203125 0.515625 0.734375 0.19609375
2 0.21328125 0.6203125 0.12109375 0.203125
1 0.62109375 0.33046875 0.03359375 0.128125
2 0.62890625 0.42578125 0.04140625 0.04296875
2 0.8859375 0.4046875 0.10390625 0.078125
1 0.14453125 0.45546875 0.24765625 0.040625
1 0.50390625 0.26015625 0.165625 0.03203125
1 0.84921875 0.28515625 0.0875 0.1625
1 0.76640625 0.15703125 0.053125 0.1046875
1 0.94765625 0.6734375 0.09453125 0.121875
2 0.76640625 0.5671875 0.07890625 0.05
2 0.54765625 0.5703125 0.03671875 0.04140625
2 0.7421875 0.45 0.06171875 0.03203125