2 0.43203125 0.7859375 0.05859375 0.053125
2 0.33046875 0.68203125 0.040625 0.09453125
1 0.3390625 0.5171875 0.04140625 0.121875
1 0.1828125 0.79609375 0.203125 0.153125
1 0.18125 0.4609375 0.23203125 0.05703125
1 0.3921875 0.296875 0.05390625 0.0265625
1 0.51875 0.540625 0.0671875 0.046875
1 0.62421875 0.434375 0.08984375 0.04921875
2 0.58828125 0.87578125 0.05546875 0.07421875
2 0.55546875 0.69609375 0.02890625 0.08203125
2 0.48828125 0.62265625 0.07578125 0.06796875
2 0.41796875 0.61015625 0.0796875 0.0375
1 0.50859375 0.2640625 0.07890625 0.0265625