2 0.62734375 0.265625 0.0140625 0.02421875
2 0.57421875 0.4296875 0.03046875 0.0609375
2 0.11328125 0.5828125 0.0515625 0.04765625
0 0.22890625 0.459375 0.1265625 0.1578125
0 0.40859375 0.3546875 0.0546875 0.09296875
1 0.44453125 0.4109375 0.09140625 0.03203125
0 0.5765625 0.31640625 0.06953125 0.10546875
2 0.53671875 0.640625 0.0265625 0.04296875
1 0.47265625 0.8734375 0.0515625 0.20625
1 0.3984375 0.89921875 0.03125 0.16640625
0 0.4109375 0.63671875 0.09140625 0.23828125
0 0.51796875 0.4125 0.04765625 0.05546875
0 0.04140625 0.59453125 0.07734375 0.13203125