2 0.47265625 0.48984375 0.0609375 0.0765625
2 0.37109375 0.6 0.08125 0.12109375
1 0.16328125 0.65078125 0.31484375 0.09453125
1 0.215625 0.8375 0.1859375 0.26171875
1 0.33125 0.425 0.09765625 0.0515625
1 0.57890625 0.4046875 0.11484375 0.09765625
2 0.53828125 0.3234375 0.03984375 0.046875
2 0.478125 0.3046875 0.02890625 0.02421875
2 0.41796875 0.409375 0.0546875 0.03203125
2 0.51796875 0.44921875 0.03046875 0.04140625
2 0.6515625 0.34765625 0.03828125 0.03046875
1 0.64375 0.21015625 0.0625 0.0515625
1 0.71875 0.1359375 0.0296875 0.0609375
1 0.74296875 0.61640625 0.33203125 0.1