2 0.4890625 0.48984375 0.1203125 0.11015625
2 0.22578125 0.47578125 0.09609375 0.05546875
1 0.21171875 0.3984375 0.06484375 0.02109375
0 0.28828125 0.41796875 0.103125 0.06640625
2 0.703125 0.45859375 0.0453125 0.0390625
2 0.77578125 0.578125 0.07265625 0.04921875
2 0.80390625 0.671875 0.07578125 0.0140625
1 0.9109375 0.47890625 0.06484375 0.215625
1 0.91171875 0.7109375 0.03203125 0.18125
2 0.92265625 0.884375 0.03203125 0.1796875
2 0.38359375 0.50859375 0.03671875 0.01796875
0 0.91953125 0.11328125 0.0609375 0.1109375
1 0.87265625 0.27890625 0.03046875 0.08515625
0 0.6140625 0.5859375 0.10703125 0.1640625
1 0.86328125 0.7515625 0.04140625 0.1125
1 0.7875 0.41015625 0.1140625 0.06640625