2 0.41953125 0.49296875 0.04609375 0.06015625
2 0.378125 0.6859375 0.04140625 0.07265625
2 0.3609375 0.94609375 0.0546875 0.0890625
2 0.53359375 0.37578125 0.053125 0.0625
2 0.5703125 0.321875 0.02890625 0.03359375
2 0.5671875 0.03203125 0.028125 0.04296875
2 0.6859375 0.30390625 0.04609375 0.03515625
1 0.78828125 0.265625 0.35703125 0.14375
2 0.39140625 0.43046875 0.03515625 0.025
2 0.4359375 0.4015625 0.040625 0.03359375
1 0.37109375 0.7390625 0.1015625 0.4609375
1 0.18515625 0.4296875 0.34921875 0.05546875
0 0.5609375 0.2125 0.02421875 0.1203125