1 0.8359375 0.75390625 0.2390625 0.14375
0 0.44921875 0.70703125 0.2296875 0.14375
2 0.6421875 0.6453125 0.17109375 0.0953125
2 0.80078125 0.42578125 0.0796875 0.034375
0 0.7390625 0.3984375 0.1078125 0.04375
0 0.89765625 0.371875 0.08359375 0.046875
0 0.25546875 0.753125 0.159375 0.0484375
2 0.18828125 0.86875 0.178125 0.234375
2 0.17421875 0.63203125 0.25390625 0.1421875
1 0.5921875 0.36953125 0.08671875 0.03828125
1 0.66015625 0.46640625 0.1609375 0.053125
1 0.571875 0.5609375 0.0890625 0.08125
0 0.53828125 0.50390625 0.059375 0.0484375