2 0.59375 0.35703125 0.06171875 0.1359375
1 0.53203125 0.52265625 0.11171875 0.1734375
1 0.78359375 0.471875 0.25390625 0.15234375
1 0.78828125 0.6328125 0.22421875 0.15390625
1 0.1453125 0.7078125 0.23984375 0.05859375
1 0.05078125 0.26328125 0.09609375 0.16484375
1 0.26640625 0.1578125 0.10703125 0.20390625
1 0.41171875 0.103125 0.2140625 0.0640625
2 0.54375 0.0875 0.078125 0.04375
1 0.68671875 0.1515625 0.13125 0.03359375
1 0.7484375 0.2109375 0.03984375 0.096875
0 0.6125 0.06171875 0.0640625 0.1046875