2 0.35546875 0.525 0.06953125 0.04296875
2 0.121875 0.81796875 0.15390625 0.1765625
2 0.20234375 0.88828125 0.0828125 0.103125
2 0.32890625 0.728125 0.0921875 0.08984375
2 0.428125 0.7453125 0.09375 0.08359375
2 0.565625 0.76484375 0.0765625 0.06328125
2 0.4859375 0.8765625 0.08984375 0.1
2 0.3453125 0.8953125 0.09765625 0.11015625
2 0.4015625 0.971875 0.12734375 0.05
2 0.634375 0.9484375 0.12734375 0.08359375
2 0.45859375 0.5703125 0.04296875 0.03984375
2 0.42109375 0.54296875 0.0359375 0.0203125
2 0.52734375 0.5203125 0.15390625 0.13359375
2 0.771875 0.70703125 0.32421875 0.23359375
2 0.93359375 0.90703125 0.1296875 0.1796875