2 0.72734375 0.57890625 0.03125 0.03359375
2 0.73984375 0.534375 0.02578125 0.01953125
2 0.7828125 0.575 0.046875 0.025
2 0.7921875 0.6 0.0296875 0.01953125
2 0.853125 0.6203125 0.05390625 0.02421875
2 0.67265625 0.56640625 0.01796875 0.0109375
2 0.66171875 0.5375 0.025 0.01796875
2 0.65625 0.49921875 0.02421875 0.00859375
2 0.63984375 0.48046875 0.0171875 0.01015625
2 0.553125 0.5265625 0.01953125 0.01015625
2 0.52890625 0.509375 0.02109375 0.00546875
2 0.53046875 0.503125 0.02421875 0.01015625