2 0.565625 0.5953125 0.06640625 0.040625
2 0.68046875 0.58828125 0.040625 0.03046875
2 0.64140625 0.59296875 0.015625 0.01640625
2 0.571875 0.54296875 0.03359375 0.01640625
2 0.571875 0.525 0.03359375 0.015625
2 0.5703125 0.5390625 0.03828125 0.040625
2 0.4375 0.5546875 0.0375 0.01484375
2 0.3859375 0.5875 0.04375 0.0265625
2 0.4453125 0.51015625 0.021875 0.01484375
2 0.646875 0.5203125 0.0171875 0.01640625
2 0.59609375 0.4921875 0.01796875 0.0125
2 0.47265625 0.471875 0.0078125 0.00859375
2 0.5484375 0.49140625 0.021875 0.0109375