2 0.52890625 0.571875 0.0296875 0.0359375
2 0.54609375 0.5421875 0.0171875 0.0125
2 0.56171875 0.5015625 0.0171875 0.0125
2 0.590625 0.48359375 0.009375 0.01015625
2 0.53984375 0.475 0.025 0.0125
2 0.3984375 0.5734375 0.04296875 0.02265625
2 0.46171875 0.50390625 0.0171875 0.01640625
2 0.32734375 0.57578125 0.02890625 0.01640625
2 0.63671875 0.5171875 0.0140625 0.015625
2 0.61796875 0.49765625 0.0140625 0.0109375
2 0.57109375 0.47421875 0.0109375 0.0109375
2 0.53359375 0.4953125 0.01328125 0.0109375