2 0.64296875 0.57109375 0.0265625 0.015625
2 0.66953125 0.56015625 0.03828125 0.02109375
2 0.63046875 0.58984375 0.02109375 0.021875
2 0.60390625 0.5546875 0.01796875 0.0125
2 0.46953125 0.50625 0.0328125 0.0109375
2 0.478125 0.49609375 0.0140625 0.0046875
2 0.47734375 0.48515625 0.01328125 0.00546875
2 0.41328125 0.6015625 0.01328125 0.01796875
2 0.4390625 0.55234375 0.01015625 0.00859375
2 0.70078125 0.59765625 0.01953125 0.01796875
2 0.59765625 0.51484375 0.01640625 0.01640625
2 0.56953125 0.5015625 0.0109375 0.0125
0 0.3546875 0.59296875 0.04921875 0.05859375