2 0.6171875 0.55 0.0171875 0.0125
2 0.575 0.54921875 0.01328125 0.01484375
2 0.5265625 0.57578125 0.03984375 0.01640625
2 0.36171875 0.57421875 0.06171875 0.03515625
2 0.25703125 0.6203125 0.05 0.046875
2 0.4140625 0.51796875 0.0171875 0.01796875
2 0.66953125 0.540625 0.0203125 0.02109375
2 0.65390625 0.5484375 0.015625 0.01953125
2 0.628125 0.50625 0.02265625 0.0109375
2 0.59765625 0.51484375 0.0140625 0.01640625
2 0.5453125 0.534375 0.01328125 0.01640625
2 0.5328125 0.4953125 0.0265625 0.02265625