2 0.540625 0.54921875 0.0515625 0.02890625
2 0.62265625 0.55 0.05234375 0.02109375
2 0.6203125 0.56796875 0.021875 0.01953125
2 0.6625 0.5953125 0.02265625 0.0125
2 0.6484375 0.6 0.03046875 0.01484375
2 0.67265625 0.58203125 0.0203125 0.01796875
2 0.6421875 0.5296875 0.03046875 0.025
2 0.58359375 0.50078125 0.0203125 0.0109375
2 0.5421875 0.5171875 0.0625 0.01953125
2 0.534375 0.60625 0.02734375 0.0234375
2 0.55078125 0.4921875 0.01640625 0.01015625
2 0.528125 0.48671875 0.01796875 0.0109375
2 0.43046875 0.4953125 0.02734375 0.0109375
2 0.40234375 0.5171875 0.0265625 0.0109375
2 0.3453125 0.5734375 0.05 0.02265625
2 0.34296875 0.60234375 0.04921875 0.025
2 0.3 0.61484375 0.02578125 0.01953125