2 0.39765625 0.53203125 0.06328125 0.05234375
2 0.609375 0.89140625 0.12109375 0.1234375
2 0.3625 0.32734375 0.06328125 0.0375
2 0.34296875 0.19921875 0.02890625 0.01484375
2 0.31796875 0.21171875 0.0234375 0.01953125
2 0.740625 0.3046875 0.04765625 0.02734375
2 0.47265625 0.43203125 0.06953125 0.040625
2 0.87109375 0.4125 0.10234375 0.05078125
2 0.3875 0.60859375 0.0765625 0.06015625
2 0.6953125 0.58359375 0.090625 0.084375
2 0.0703125 0.4609375 0.12109375 0.1125
1 0.3828125 0.68828125 0.15390625 0.121875
1 0.5234375 0.634375 0.0890625 0.071875
1 0.059375 0.7 0.10625 0.13515625
0 0.5984375 0.4203125 0.12421875 0.11875
1 0.54453125 0.73828125 0.1015625 0.1234375
1 0.21328125 0.62265625 0.1484375 0.06796875
2 0.765625 0.49921875 0.0546875 0.05546875
2 0.92265625 0.38515625 0.05234375 0.0328125
2 0.4796875 0.2 0.05 0.02265625
2 0.3375 0.49609375 0.03046875 0.02890625
2 0.371875 0.83359375 0.0265625 0.0375
2 0.89296875 0.2203125 0.09140625 0.02734375
2 0.05703125 0.209375 0.0515625 0.02265625