2 0.41015625 0.5640625 0.1078125 0.1453125
2 0.3734375 0.603125 0.0640625 0.078125
2 0.4359375 0.528125 0.0484375 0.0828125
2 0.25078125 0.6375 0.05234375 0.03203125
2 0.2375 0.5390625 0.078125 0.0625
2 0.13359375 0.65703125 0.11328125 0.084375
2 0.309375 0.65078125 0.109375 0.07109375
2 0.46015625 0.65390625 0.1140625 0.071875
2 0.77109375 0.72890625 0.09375 0.07265625
2 0.66328125 0.775 0.13671875 0.08359375
2 0.85078125 0.74921875 0.09453125 0.05625
2 0.93984375 0.728125 0.09296875 0.08671875
2 0.53203125 0.4171875 0.05703125 0.02265625
2 0.29296875 0.45 0.065625 0.0375
1 0.2421875 0.48125 0.14296875 0.02890625
1 0.5671875 0.68515625 0.0890625 0.02265625
1 0.5859375 0.6234375 0.10546875 0.03046875
2 0.44453125 0.46953125 0.11953125 0.03359375