2 0.7328125 0.68828125 0.0671875 0.1359375
2 0.28359375 0.6859375 0.1875 0.10703125
2 0.04765625 0.8234375 0.0890625 0.08515625
2 0.17734375 0.803125 0.3484375 0.153125
2 0.23125 0.7984375 0.2578125 0.1359375
2 0.61015625 0.6015625 0.1671875 0.0640625
1 0.6046875 0.7328125 0.19375 0.04296875
1 0.3078125 0.5578125 0.13984375 0.09921875
2 0.63359375 0.4625 0.16640625 0.0453125
1 0.6109375 0.53359375 0.09375 0.09140625
2 0.8875 0.32578125 0.0328125 0.0203125
2 0.646875 0.309375 0.02890625 0.0109375