2 0.54453125 0.27578125 0.07265625 0.0375
2 0.43203125 0.740625 0.22421875 0.178125
2 0.4703125 0.915625 0.08359375 0.1203125
2 0.8609375 0.771875 0.24765625 0.1640625
2 0.525 0.3171875 0.0390625 0.02578125
2 0.38515625 0.3171875 0.0265625 0.01953125
2 0.64375 0.815625 0.053125 0.1140625
2 0.67265625 0.940625 0.06171875 0.0890625
0 0.771875 0.5828125 0.0375 0.0421875
1 0.803125 0.63984375 0.0359375 0.09140625
1 0.9734375 0.38046875 0.04375 0.09140625
2 0.69296875 0.69453125 0.06328125 0.05703125
2 0.83671875 0.91484375 0.0578125 0.0796875
2 0.37578125 0.78359375 0.08828125 0.078125
2 0.3390625 0.9 0.09921875 0.10859375
1 0.1015625 0.83046875 0.18359375 0.06640625