2 0.665625 0.45859375 0.0375 0.0625
2 0.26796875 0.7765625 0.10625 0.1609375
1 0.75 0.53515625 0.11328125 0.0890625
2 0.8484375 0.6140625 0.075 0.078125
2 0.7890625 0.2890625 0.0390625 0.0171875
0 0.62734375 0.34921875 0.09296875 0.0359375
2 0.18828125 0.25546875 0.0375 0.0390625
2 0.56015625 0.2875 0.02421875 0.01484375
2 0.19609375 0.3875 0.0265625 0.04921875
2 0.2234375 0.665625 0.02578125 0.04296875
2 0.63515625 0.40859375 0.02265625 0.0296875
2 0.21015625 0.46953125 0.02421875 0.08046875
1 0.46640625 0.23359375 0.1375 0.09140625
1 0.92890625 0.6828125 0.06328125 0.0546875
1 0.35625 0.14609375 0.0671875 0.0609375