1 0.48984375 0.3703125 0.10703125 0.0796875
1 0.4234375 0.44140625 0.17734375 0.03125
1 0.52890625 0.5890625 0.0609375 0.084375
2 0.47578125 0.64609375 0.03203125 0.03203125
1 0.2890625 0.45078125 0.07421875 0.1625
1 0.5921875 0.38359375 0.040625 0.03984375
1 0.696875 0.31953125 0.1671875 0.06796875
2 0.55546875 0.334375 0.03984375 0.0625
2 0.58125 0.27890625 0.03984375 0.0328125
2 0.37890625 0.3359375 0.10234375 0.0453125
1 0.9765625 0.1953125 0.03515625 0.0625
2 0.65234375 0.10546875 0.04140625 0.0109375
2 0.4125 0.7265625 0.08984375 0.09375
1 0.79140625 0.38046875 0.11328125 0.06796875
1 0.9796875 0.38359375 0.03359375 0.121875
2 0.7421875 0.49375 0.02734375 0.0546875
2 0.56171875 0.42578125 0.0390625 0.03515625
2 0.67421875 0.5546875 0.0546875 0.0265625