2 0.5328125 0.28046875 0.08671875 0.0390625
2 0.51328125 0.3203125 0.03671875 0.02578125
2 0.4578125 0.7359375 0.1484375 0.153125
2 0.459375 0.9265625 0.08203125 0.10546875
2 0.815625 0.765625 0.19296875 0.1390625
2 0.82421875 0.9109375 0.059375 0.08515625
2 0.78984375 0.60859375 0.02578125 0.0296875
2 0.74453125 0.58671875 0.034375 0.028125
2 0.37265625 0.31953125 0.03046875 0.01640625
1 0.09140625 0.8359375 0.1609375 0.05703125
1 0.6890625 0.6234375 0.06484375 0.03359375
2 0.68515625 0.70703125 0.05859375 0.0390625
2 0.63203125 0.82421875 0.0421875 0.12109375
2 0.66171875 0.93984375 0.05703125 0.090625
2 0.32109375 0.915625 0.1140625 0.11640625
2 0.35 0.79140625 0.1046875 0.071875
1 0.96796875 0.4 0.05 0.11171875