1 0.50859375 0.45546875 0.08984375 0.21171875
2 0.5484375 0.81796875 0.115625 0.1453125
2 0.21953125 0.878125 0.13203125 0.0953125
2 0.5046875 0.30390625 0.07421875 0.04140625
2 0.33046875 0.3546875 0.071875 0.034375
2 0.9625 0.240625 0.06796875 0.0625
1 0.8734375 0.7640625 0.121875 0.0625
2 0.9671875 0.74375 0.05703125 0.0625
0 0.72578125 0.7984375 0.11640625 0.0953125
0 0.6171875 0.93671875 0.0640625 0.09140625
0 0.50859375 0.678125 0.08125 0.09921875
1 0.3703125 0.66171875 0.0421875 0.2046875
2 0.09921875 0.91796875 0.08984375 0.05546875
0 0.4421875 0.25625 0.04609375 0.05078125
2 0.91328125 0.2125 0.03984375 0.03671875
1 0.26953125 0.0484375 0.0953125 0.0359375
1 0.17421875 0.14921875 0.05078125 0.07109375
2 0.184375 0.16796875 0.02421875 0.02890625