2 0.43984375 0.6171875 0.128125 0.13046875
2 0.4640625 0.51640625 0.12109375 0.04296875
2 0.60546875 0.52109375 0.1296875 0.103125
2 0.21484375 0.35078125 0.053125 0.02578125
2 0.0796875 0.35390625 0.0703125 0.0640625
1 0.28984375 0.2390625 0.0828125 0.015625
1 0.2671875 0.26640625 0.09921875 0.0109375
2 0.52890625 0.25859375 0.10234375 0.0375
2 0.5828125 0.2296875 0.03515625 0.02421875
2 0.68984375 0.234375 0.0359375 0.01953125
2 0.7734375 0.18359375 0.06953125 0.0203125
0 0.36796875 0.2640625 0.0640625 0.0609375