2 0.34375 0.6796875 0.05703125 0.0546875
2 0.28671875 0.7328125 0.04609375 0.0375
2 0.08984375 0.7671875 0.04609375 0.0453125
2 0.09921875 0.73203125 0.01640625 0.021875
2 0.1046875 0.57421875 0.103125 0.071875
2 0.30078125 0.50859375 0.02734375 0.0265625
2 0.38984375 0.54609375 0.0234375 0.0203125
2 0.3453125 0.56796875 0.0234375 0.01796875
1 0.3484375 0.51953125 0.05703125 0.02109375
2 0.4375 0.5328125 0.03125 0.01953125
2 0.72109375 0.76171875 0.0734375 0.146875
2 0.153125 0.8921875 0.07265625 0.1140625
2 0.5046875 0.578125 0.0640625 0.034375
1 0.68515625 0.48515625 0.09375 0.2375