2 0.50859375 0.509375 0.08828125 0.08515625
2 0.59140625 0.60234375 0.05234375 0.07578125
1 0.6015625 0.82109375 0.046875 0.3171875
1 0.8046875 0.7859375 0.19609375 0.303125
1 0.875 0.60078125 0.20859375 0.1453125
1 0.4046875 0.784375 0.28203125 0.17578125
2 0.21875 0.66328125 0.084375 0.05859375
1 0.265625 0.4484375 0.14140625 0.0546875
1 0.25546875 0.40703125 0.1453125 0.0125
1 0.390625 0.38203125 0.0296875 0.08125
1 0.0984375 0.64921875 0.1390625 0.10859375
1 0.6234375 0.40546875 0.153125 0.1125