2 0.20703125 0.86171875 0.0859375 0.0859375
2 0.60390625 0.43828125 0.05625 0.090625
1 0.3453125 0.4859375 0.121875 0.04296875
1 0.49296875 0.4796875 0.1375 0.0453125
1 0.51171875 0.3015625 0.0671875 0.03515625
1 0.6078125 0.30625 0.12109375 0.0375
1 0.40703125 0.34375 0.10078125 0.090625
1 0.515625 0.21328125 0.09765625 0.09609375
1 0.15703125 0.5625 0.221875 0.16640625
1 0.8046875 0.0859375 0.0296875 0.04921875
1 0.71796875 0.08671875 0.0203125 0.0296875
1 0.73125 0.28515625 0.0859375 0.00703125