2 0.625 0.49375 0.05390625 0.03359375
2 0.565625 0.5328125 0.040625 0.03046875
2 0.40546875 0.5234375 0.034375 0.03515625
2 0.421875 0.359375 0.071875 0.05859375
2 0.6734375 0.37578125 0.028125 0.01796875
2 0.62734375 0.39296875 0.021875 0.015625
2 0.80390625 0.4296875 0.08046875 0.046875
2 0.29453125 0.62890625 0.08125 0.04140625
1 0.62734375 0.34609375 0.05234375 0.0359375
2 0.58515625 0.3296875 0.021875 0.015625
2 0.7296875 0.37109375 0.0421875 0.01953125
2 0.45390625 0.6359375 0.040625 0.0875