2 0.6109375 0.45234375 0.040625 0.0375
2 0.8671875 0.70859375 0.07890625 0.07421875
2 0.7875 0.82890625 0.1453125 0.1296875
2 0.8609375 0.2125 0.09765625 0.0390625
2 0.45859375 0.23984375 0.07890625 0.09765625
2 0.44765625 0.103125 0.04609375 0.01796875
2 0.259375 0.15390625 0.09140625 0.04453125
2 0.13359375 0.13828125 0.10078125 0.04453125
2 0.07421875 0.12265625 0.07578125 0.02421875
2 0.178125 0.178125 0.1671875 0.0875
2 0.1578125 0.3609375 0.03359375 0.03203125
2 0.390625 0.54921875 0.221875 0.28125
2 0.24921875 0.6609375 0.1484375 0.14765625
1 0.7703125 0.34609375 0.05234375 0.178125
1 0.6640625 0.28359375 0.0734375 0.09765625