2 0.65234375 0.61484375 0.23203125 0.0953125
2 0.49765625 0.68359375 0.11484375 0.0796875
2 0.63671875 0.834375 0.1078125 0.12265625
2 0.9140625 0.28359375 0.09921875 0.05859375
2 0.87265625 0.31953125 0.06640625 0.0390625
2 0.68515625 0.4234375 0.12265625 0.09921875
2 0.14921875 0.621875 0.16484375 0.0921875
2 0.53515625 0.55703125 0.1578125 0.12734375
2 0.3640625 0.55546875 0.25546875 0.19140625
2 0.85234375 0.1359375 0.0578125 0.028125
2 0.74609375 0.13984375 0.0578125 0.04140625
2 0.8328125 0.584375 0.08515625 0.07265625
2 0.76171875 0.684375 0.1171875 0.0890625
2 0.0515625 0.690625 0.0984375 0.08515625
2 0.54296875 0.45703125 0.1140625 0.115625
1 0.34453125 0.39921875 0.1953125 0.09765625
2 0.96171875 0.53984375 0.05234375 0.04140625