2 0.4140625 0.634375 0.08984375 0.07421875
2 0.96015625 0.51640625 0.040625 0.02890625
2 0.94765625 0.56015625 0.03359375 0.0359375
2 0.8859375 0.5015625 0.18828125 0.08046875
2 0.28984375 0.54609375 0.03828125 0.03203125
2 0.2359375 0.5359375 0.0390625 0.0390625
2 0.18984375 0.5234375 0.03125 0.01953125
2 0.18984375 0.4453125 0.05234375 0.021875
2 0.43515625 0.5171875 0.0265625 0.021875
2 0.3828125 0.51015625 0.0265625 0.01953125
2 0.59765625 0.5078125 0.09765625 0.06796875
2 0.540625 0.5640625 0.1171875 0.08515625
2 0.5734375 0.5984375 0.078125 0.05625
2 0.4515625 0.67421875 0.1015625 0.08515625
2 0.90625 0.36328125 0.0484375 0.02109375
2 0.94140625 0.32578125 0.05 0.03515625
2 0.7203125 0.28359375 0.03984375 0.0234375
2 0.70546875 0.46875 0.11875 0.096875
2 0.7890625 0.4765625 0.0515625 0.05078125
2 0.734375 0.515625 0.05703125 0.05078125
2 0.3265625 0.7515625 0.14453125 0.11171875
2 0.13203125 0.8359375 0.23046875 0.2546875