2 0.21015625 0.5328125 0.13984375 0.08046875
2 0.28671875 0.4453125 0.04140625 0.034375
2 0.2625 0.41328125 0.02734375 0.03515625
2 0.09296875 0.53828125 0.08046875 0.09140625
2 0.67890625 0.51171875 0.0734375 0.04453125
2 0.590625 0.51796875 0.04140625 0.0375
2 0.53359375 0.46171875 0.12890625 0.03359375
2 0.5140625 0.52421875 0.07421875 0.04140625
2 0.2765625 0.7265625 0.19296875 0.0515625
1 0.75 0.35078125 0.25546875 0.06796875
2 0.0625 0.75234375 0.06328125 0.046875
2 0.734375 0.353125 0.0328125 0.01640625