2 0.37109375 0.45859375 0.02890625 0.01640625
2 0.334375 0.453125 0.0296875 0.01640625
2 0.30234375 0.44765625 0.0203125 0.01640625
2 0.6015625 0.43984375 0.078125 0.02890625
2 0.81796875 0.44296875 0.13515625 0.0453125
2 0.4703125 0.52265625 0.0921875 0.0890625
2 0.36171875 0.58046875 0.06640625 0.065625
2 0.23671875 0.61953125 0.15 0.1265625
2 0.12109375 0.675 0.06484375 0.0640625
2 0.26171875 0.6078125 0.08203125 0.08671875
2 0.571875 0.48515625 0.0890625 0.08359375
2 0.884375 0.34609375 0.0484375 0.03046875
2 0.70078125 0.41640625 0.08125 0.06015625
2 0.92109375 0.31875 0.04609375 0.03203125
2 0.30546875 0.39453125 0.03671875 0.0140625