2 0.384375 0.446875 0.13125 0.13828125
2 0.24140625 0.67890625 0.065625 0.1421875
2 0.67265625 0.7734375 0.2234375 0.11171875
2 0.46875 0.86171875 0.1515625 0.10703125
2 0.2890625 0.19140625 0.03828125 0.0390625
2 0.21953125 0.4890625 0.06484375 0.04453125
1 0.69609375 0.06015625 0.05234375 0.053125
2 0.86171875 0.46953125 0.04609375 0.0484375
2 0.76796875 0.4921875 0.121875 0.0609375
1 0.90390625 0.92109375 0.1578125 0.10546875
1 0.59765625 0.08828125 0.109375 0.0640625
1 0.07421875 0.24375 0.121875 0.04609375
1 0.05546875 0.3796875 0.09609375 0.0421875
1 0.0890625 0.49921875 0.15234375 0.0640625
2 0.2421875 0.8484375 0.06328125 0.15078125