2 0.321875 0.60234375 0.0796875 0.153125
2 0.5078125 0.7203125 0.03125 0.065625
2 0.9640625 0.47265625 0.03671875 0.0359375
2 0.15703125 0.52578125 0.1015625 0.05
2 0.47265625 0.81796875 0.028125 0.05625
1 0.44453125 0.9109375 0.04453125 0.13203125
1 0.165625 0.640625 0.16328125 0.0546875
1 0.92109375 0.3578125 0.071875 0.21875
1 0.8453125 0.23828125 0.09609375 0.04296875
1 0.9328125 0.19453125 0.03671875 0.07421875
2 0.50078125 0.56796875 0.13984375 0.1125
2 0.52421875 0.6375 0.028125 0.0765625
1 0.47265625 0.65703125 0.05859375 0.04296875