1 0.28828125 0.7546875 0.17734375 0.19765625
1 0.425 0.3234375 0.04296875 0.21484375
1 0.21640625 0.240625 0.34921875 0.09140625
1 0.60546875 0.3859375 0.075 0.084375
2 0.521875 0.75078125 0.05703125 0.0640625
2 0.42421875 0.58671875 0.04375 0.1390625
2 0.57265625 0.50078125 0.08203125 0.09609375
2 0.54609375 0.0890625 0.0234375 0.0390625
2 0.52578125 0.13046875 0.02109375 0.01875
2 0.43046875 0.15 0.03828125 0.04609375
1 0.4796875 0.13515625 0.05078125 0.025
1 0.71328125 0.19375 0.11015625 0.078125
2 0.5609375 0.846875 0.0359375 0.1421875
2 0.68359375 0.90078125 0.06640625 0.1359375
2 0.7125 0.51015625 0.10703125 0.059375