1 0.13828125 0.54921875 0.2 0.25625
2 0.2890625 0.5546875 0.02734375 0.06484375
2 0.3421875 0.61796875 0.0390625 0.05703125
2 0.41015625 0.7078125 0.10546875 0.10390625
2 0.50859375 0.73203125 0.0734375 0.06796875
2 0.8046875 0.71875 0.09609375 0.1671875
2 0.615625 0.64765625 0.075 0.26484375
1 0.559375 0.2625 0.178125 0.07578125
1 0.72109375 0.14140625 0.10078125 0.040625
1 0.72734375 0.24296875 0.10859375 0.0421875
1 0.2984375 0.371875 0.0765625 0.078125
1 0.4171875 0.4859375 0.09296875 0.284375
2 0.41015625 0.51796875 0.02578125 0.04765625