0 0.37734375 0.515625 0.06484375 0.09609375
2 0.35859375 0.528125 0.0328125 0.0546875
2 0.8109375 0.59296875 0.08828125 0.1296875
2 0.6140625 0.55390625 0.0484375 0.11171875
2 0.51875 0.5875 0.0625 0.040625
2 0.41953125 0.58046875 0.09453125 0.07109375
2 0.64921875 0.49921875 0.03515625 0.078125
2 0.50859375 0.3046875 0.0453125 0.01796875
1 0.5578125 0.3015625 0.1859375 0.06171875
1 0.3015625 0.4703125 0.06953125 0.12109375
0 0.43984375 0.41875 0.040625 0.07109375
1 0.74140625 0.2234375 0.11015625 0.03359375
1 0.7421875 0.2859375 0.11640625 0.028125
1 0.6109375 0.175 0.13203125 0.046875
2 0.1671875 0.89765625 0.1015625 0.146875
2 0.16875 0.778125 0.0734375 0.08125
1 0.1515625 0.48671875 0.18359375 0.15