2 0.6796875 0.753125 0.28359375 0.2375
2 0.51171875 0.4890625 0.09453125 0.1265625
2 0.44765625 0.371875 0.04921875 0.1546875
2 0.415625 0.6234375 0.1015625 0.23359375
2 0.28671875 0.6640625 0.11484375 0.1515625
2 0.1046875 0.69921875 0.1640625 0.1375
2 0.91171875 0.46171875 0.16796875 0.3203125
1 0.3703125 0.284375 0.06953125 0.3171875
1 0.37421875 0.0578125 0.053125 0.09453125
1 0.46171875 0.18046875 0.07734375 0.13046875
1 0.60078125 0.290625 0.1125 0.075
2 0.33046875 0.48828125 0.05546875 0.075
2 0.74453125 0.36953125 0.1234375 0.1140625
1 0.21015625 0.88671875 0.07890625 0.15625