1 0.490625 0.7078125 0.08984375 0.5140625
2 0.61015625 0.41171875 0.16328125 0.0671875
1 0.8171875 0.6609375 0.3046875 0.40390625
2 0.76484375 0.62890625 0.065625 0.078125
1 0.6453125 0.58125 0.1328125 0.0640625
2 0.8546875 0.37734375 0.19609375 0.1515625
2 0.5828125 0.3140625 0.0578125 0.08359375
2 0.1921875 0.4359375 0.05390625 0.040625
1 0.2140625 0.5875 0.15859375 0.26328125
0 0.24296875 0.40546875 0.06328125 0.090625
2 0.053125 0.7171875 0.1015625 0.13515625
2 0.03671875 0.53359375 0.071875 0.06796875
2 0.10390625 0.53203125 0.021875 0.0296875
2 0.08984375 0.49140625 0.034375 0.0265625
2 0.134375 0.4171875 0.05390625 0.0640625
2 0.4609375 0.35859375 0.06640625 0.0390625
2 0.51640625 0.34921875 0.05078125 0.08984375
1 0.5625 0.24140625 0.084375 0.0953125
1 0.60078125 0.12890625 0.05234375 0.103125
1 0.8953125 0.64140625 0.1703125 0.06953125
2 0.34296875 0.34921875 0.05390625 0.03984375