2 0.7515625 0.67421875 0.04140625 0.04453125
2 0.83046875 0.71640625 0.09140625 0.06171875
2 0.92109375 0.7625 0.06953125 0.06953125
2 0.44609375 0.64296875 0.025 0.03359375
2 0.4078125 0.61171875 0.015625 0.028125
2 0.37578125 0.503125 0.0546875 0.07109375
2 0.35625 0.55625 0.0296875 0.04140625
1 0.2234375 0.66171875 0.1875 0.16171875
2 0.21484375 0.49921875 0.028125 0.0140625
1 0.16484375 0.5359375 0.065625 0.0625
1 0.33203125 0.61171875 0.08125 0.03046875
1 0.71953125 0.45625 0.26171875 0.05546875
1 0.7640625 0.278125 0.12421875 0.0765625
1 0.8828125 0.21171875 0.08359375 0.07421875
1 0.6 0.35234375 0.103125 0.06015625
1 0.5203125 0.4078125 0.053125 0.090625
1 0.43671875 0.52265625 0.09765625 0.078125
1 0.5140625 0.68125 0.08046875 0.0765625