1 0.12109375 0.6796875 0.1796875 0.1859375
2 0.16953125 0.50234375 0.05234375 0.02421875
2 0.23203125 0.5796875 0.03203125 0.0390625
2 0.415625 0.4609375 0.05390625 0.0375
2 0.4765625 0.45390625 0.05234375 0.0875
2 0.540625 0.56875 0.10390625 0.10546875
2 0.525 0.67734375 0.0296875 0.053125
2 0.52578125 0.75078125 0.02421875 0.05703125
2 0.55546875 0.88828125 0.03125 0.09296875
2 0.565625 0.97734375 0.02578125 0.0296875
2 0.803125 0.4421875 0.04609375 0.0359375
2 0.8546875 0.46171875 0.046875 0.04453125
2 0.9421875 0.4859375 0.06015625 0.04296875
2 0.33515625 0.53359375 0.0609375 0.03359375
1 0.4265625 0.54140625 0.1015625 0.02890625
1 0.084375 0.5109375 0.0953125 0.04296875
1 0.64921875 0.48359375 0.19921875 0.0609375