2 0.3296875 0.690625 0.1703125 0.20078125
0 0.68046875 0.49921875 0.21796875 0.196875
1 0.90625 0.08515625 0.06015625 0.1390625
1 0.8203125 0.13828125 0.334375 0.11640625
1 0.49765625 0.11171875 0.2296875 0.053125
1 0.0734375 0.421875 0.1296875 0.11640625
1 0.0703125 0.56484375 0.1 0.0953125
1 0.1296875 0.71171875 0.209375 0.11796875
1 0.21796875 0.21328125 0.0765625 0.04375
1 0.23515625 0.13203125 0.23203125 0.06796875
1 0.5203125 0.9296875 0.0984375 0.090625
1 0.90390625 0.64140625 0.153125 0.1
0 0.3234375 0.475 0.084375 0.078125