0 0.47265625 0.3578125 0.16015625 0.140625
0 0.5296875 0.54609375 0.17890625 0.20703125
0 0.61015625 0.82109375 0.21953125 0.3203125
0 0.81953125 0.5625 0.1734375 0.15234375
0 0.671875 0.22421875 0.1171875 0.0875
0 0.92578125 0.37421875 0.125 0.12421875
2 0.93671875 0.3671875 0.071875 0.05703125
1 0.17265625 0.4328125 0.0640625 0.20078125
0 0.56328125 0.13046875 0.05546875 0.02578125
1 0.89375 0.16328125 0.16484375 0.0890625
1 0.2046875 0.915625 0.21484375 0.1375
0 0.4234375 0.85 0.234375 0.25703125
1 0.684375 0.56953125 0.1203125 0.053125