1 0.55546875 0.4203125 0.1703125 0.23125
1 0.7484375 0.57265625 0.45390625 0.12421875
1 0.83203125 0.29921875 0.2921875 0.06015625
2 0.36484375 0.80078125 0.33515625 0.3703125
0 0.34140625 0.58515625 0.19765625 0.10703125
0 0.29375 0.41171875 0.07734375 0.15859375
1 0.58828125 0.22421875 0.17890625 0.08046875
1 0.42109375 0.28203125 0.10625 0.0390625
1 0.4265625 0.121875 0.05 0.0609375
2 0.07578125 0.14453125 0.1015625 0.06484375
1 0.0953125 0.2421875 0.16953125 0.05859375
2 0.0375 0.234375 0.06015625 0.02734375
1 0.69765625 0.903125 0.1046875 0.15703125
2 0.20859375 0.2375 0.07890625 0.0421875
0 0.1734375 0.7703125 0.178125 0.134375