0 0.45859375 0.69609375 0.1046875 0.146875
1 0.37421875 0.8734375 0.078125 0.1890625
1 0.66328125 0.7109375 0.2609375 0.1234375
1 0.88359375 0.75859375 0.21328125 0.08203125
1 0.721875 0.4375 0.2953125 0.0640625
1 0.6703125 0.34375 0.0515625 0.16484375
1 0.8671875 0.359375 0.24140625 0.0953125
1 0.76796875 0.25546875 0.12109375 0.02421875
1 0.26015625 0.4578125 0.34453125 0.0828125
1 0.30078125 0.55078125 0.05859375 0.09375
2 0.34140625 0.2703125 0.078125 0.06015625
1 0.19296875 0.3765625 0.1859375 0.125
1 0.15078125 0.26796875 0.14140625 0.0578125
0 0.5484375 0.259375 0.07421875 0.04140625
0 0.4703125 0.353125 0.04453125 0.1140625